500:[(10,-100), (200,-100), (200,-50), (10,-50)];(105,-75);0.1;0.0;0.0;BOTTOM
500:[(440,-100), (630,-100), (630,-50), (440,-50)];(475,-50);0.1;0.0;0.0;BOTTOM
1800:[(200,-100), (440,-100), (440,-50), (200,-50)];(320,-75);0.1;0.0;0.0;BOTTOM
4500:[(10,-100), (250,150), (250,200), (10,-50)];(225,-75);0.1;0.0;0.0;BOTTOM
4500:[(400,150), (630,-100), (630,-50), (400,200)];(535,-75);0.1;0.0;0.0;BOTTOM
5000:[(10,-100), (60,-100), (60,-50), (10,-50)];(35,-75);0.1;0.0;0.0;BOTTOM
5000:[(110,-100), (160,-100), (160,-50), (110,-50)];(135,-75);0.1;0.0;0.0;BOTTOM
5000:[(210,-100), (260,-100), (260,-50), (210,-50)];(235,-75);0.1;0.0;0.0;BOTTOM
5000:[(310,-100), (360,-100), (360,-50), (310,-50)];(335,-75);0.1;0.0;0.0;BOTTOM
5000:[(410,-100), (460,-100), (460,-50), (410,-50)];(435,-75);0.1;0.0;0.0;BOTTOM
5000:[(510,-100), (560,-100), (560,-50), (510,-50)];(535,-75);0.1;0.0;0.0;BOTTOM
5000:[(610,-100), (630,-100), (630,-50), (610,-50)];(620,-75);0.1;0.0;0.0;BOTTOM
8500:[(-10,50), (340,50), (340,100), (-10,100)];(160,75);0.1;-0.2;0;BOTTOM
10000:[(300,-100), (650,-100), (650,-50), (300,-50)];(475,-75);0.1;0.2;0;BOTTOM
13500:[(10,50), (400,50), (400,100), (10,100)];(205,75);0.1;0.0;0.0;BOTTOM
13500:[(450,50), (630,50), (630,100), (450,100)];(540,75);0.1;0.0;0.0;BOTTOM
