500:[(400,150), (120,300), (220,170), (110,100)];(160,75);0.1;0.01;0.1;BOTTOM
1500:[(320,-100), (630,-100), (630,-50), (320,-50)];(475,-75);0.1;0.0;0.0;BOTTOM
2000:[(100,70), (320,100), (220,70), (10,100)];(250,50);0.1;0.05;0.1;BOTTOM
8000:[(-10,50), (340,50), (340,100), (-10,100)];(160,75);0.1;-0.1;0;BOTTOM
8500:[(310,-50) (360,-50) (360,0) (310,0)];(335,-25);0.1;0;0;BOTTOM
8500:[(360,-50) (410,-50) (410,0) (360,0)];(335,-25);0.1;0.1;0;BOTTOM
8500:[(470,-50) (520,-50) (520,0) (470,0)];(560,-25);0.1;0.1;0;BOTTOM
8500:[(535,-50) (585,-50) (585,0) (535,0)];(560,-25);0.1;0;0;BOTTOM
9500:[(470,-50) (520,-50) (520,0) (470,0)];(560,-25);0.1;0.0;0;BOTTOM
9500:[(410,-50) (460,-50) (460,0) (460,0)];(560,-25);0.1;0.1;0;BOTTOM
11500:[(550,50), (700,50), (700,100), (700,100)];(160,75);0.1;0.05;0;BOTTOM
13000:[(300,-50), (450,-50), (450,-50), (300,-25)];(475,-75);0.1;0.2;0;BOTTOM
13000:[(300,-100), (650,-100), (650,-50), (300,-50)];(475,-75);0.1;0.2;0;BOTTOM
15000:[(110,-50) (160,-50) (160,0) (160,0)];(130,-15);0.1;0.1;0;BOTTOM
15000:[(110,-50) (160,-50) (160,0) (160,0)];(35,-15);0.1;0.1;0;BOTTOM
15000:[(140,-50) (190,-50) (190,0) (190,0)];(70,-15);0.1;0.1;0;BOTTOM
15000:[(140,-50) (190,-50) (190,0) (190,0)];(170,-15);0.1;0.1;0;BOTTOM
