500:[(410,-50), (460,-50), (460,0), (410,0)];(35,-25);0.1;0;0;BOTTOM
2000:[(20,-50), (300,-50), (300,0), (20,0)];(160,-25);0.1;0;0;BOTTOM
3500:[(50,-50), (200,-50), (200,0), (50,0)];(125,-25);0.1;0;0;BOTTOM
4000:[(200,-50), (350,-50), (350,0), (200,0)];(275,-25);0.1;0;0;BOTTOM
4500:[(100,-50), (220,-50), (220,0), (100,0)];(160,-25);0.1;0;0;BOTTOM
5000:[(460,-50), (510,-50), (510,0), (460,0)];(485,-25);0.1;0;0;BOTTOM
5200:[(320,-50), (620,-50), (620,0), (320,0)];(480,-25);0.1;0;0;BOTTOM
5500:[(10,-50), (60,-50), (60,0), (10,0)];(35,-25);0.1;0;0;BOTTOM
6000:[(160,-50), (210,-50), (210,0), (160,0)];(185,-25);0.1;0;0;BOTTOM
6500:[(535,-50), (585,-50), (585,0), (535,0)];(560,-25);0.1;0;0;BOTTOM
7000:[(310,-50), (360,-50), (360,0), (310,0)];(335,-25);0.1;0;0;BOTTOM
7500:[(85,-50), (135,-50), (135,0), (85,0)];(110,-25);0.1;0;0;BOTTOM
8000:[(385,-50), (435,-50), (435,0), (385,0)];(410,-25);0.1;0;0;BOTTOM