500:[(20,-50), (300,-50), (300,0), (20,0)];(160,-25);0.1;-0.05;0;BOTTOM
500:[(340,-50), (620,-50), (620,0), (340,0)];(480,-25);0.1;0.05;0;BOTTOM
4000:[(320,-50), (620,-50), (620,0), (320,0)];(480,-25);0.1;0;0;BOTTOM
5500:[(100,-50), (220,-50), (220,0), (100,0)];(160,-25);0.1;0;0;BOTTOM
7000:[(460,-50), (510,-50), (510,0), (460,0)];(485,-25);0.1;0;0;BOTTOM
7000:[(10,-50), (60,-50), (60,0), (10,0)];(35,-25);0.1;0;0;BOTTOM
7000:[(160,-50), (210,-50), (210,0), (160,0)];(185,-25);0.1;0;0;BOTTOM
7000:[(310,-50), (360,-50), (360,0), (310,0)];(335,-25);0.1;0;0;BOTTOM
8500:[(535,-50), (585,-50), (585,0), (535,0)];(560,-25);0.1;0;0;BOTTOM
8500:[(85,-50), (135,-50), (135,0), (85,0)];(110,-25);0.1;0;0;BOTTOM
8500:[(235,-50), (285,-50), (285,0), (235,0)];(260,-25);0.1;0;0;BOTTOM
8500:[(385,-50), (435,-50), (435,0), (385,0)];(410,-25);0.1;0;0;BOTTOM
12000:[(170,-50), (470,-50), (470,0), (170,0)];(330,-25);0.1;0;0;BOTTOM
13000:[(20,-50), (100,-50), (100,0), (20,0)];(60,-25);0.1;-0.05;0;BOTTOM
13000:[(540,-50), (620,-50), (620,0), (540,0)];(580,-25);0.1;-0.05;0;BOTTOM