500:[(10,50), (320,50), (320,100), (10,100)];(160,75);0.1;0.0;0.0;BOTTOM
500:[(-10,50), (340,50), (340,100), (-10,100)];(160,75);0.1;-0.2;0;BOTTOM
1500:[(320,-100), (630,-100), (630,-50), (320,-50)];(475,-75);0.1;0.0;0.0;BOTTOM
1500:[(300,-100), (650,-100), (650,-50), (300,-50)];(475,-75);0.1;0.2;0;BOTTOM
3500:[(20,-50), (100,-50), (100,0), (20,0)];(60,-25);0.1;-0.05;0;BOTTOM
3500:[(540,-50), (620,-50), (620,0), (540,0)];(580,-25);0.1;-0.05;0;BOTTOM
3500:[(170,-50), (470,-50), (470,0), (170,0)];(320,-25);0.1;0;0;BOTTOM
6000:[(250,-100), (630,-100), (630,-50), (250,-50)];(440,-75);0.1;0.0;0.0;BOTTOM
6000:[(10,50), (200,50), (200,100), (10,100)];(105,75);0.1;0.0;0.0;BOTTOM
8500:[(10,50), (400,50), (400,100), (10,100)];(205,75);0.1;0.0;0.0;BOTTOM
8500:[(450,50), (630,50), (630,100), (450,100)];(540,75);0.1;0.0;0.0;BOTTOM